1496296800
1501999200
1502172000
1502085600
1505196000
1505023200
1524376800
1535176800
1535349600
1535263200
1535781600
1535522400
1536040800
1535954400
1535695200
1535868000
1535436000
1535090400
1535608800
1540101600
1541052000
1496300400
1502002800
1502175600
1502089200
1505199600
1505026800
1524380400
1535266800
1535353200
1535785200
1535698800
1536044400
1535871600
1535526000
1535958000
1535439600
1535180400
1535612400
1535094000
1540105200
1541055600
1496304000
1502092800
1502179200
1505203200
1505030400
1502006400
1524384000
1535097600
1535356800
1535443200
1535616000
1535702400
1535788800
1535875200
1536048000
1535529600
1535961600
1535270400
1535184000
1540108800
1541059200
1496307600
1502010000
1502096400
1502182800
1505034000
1505206800
1505120400
1524387600
1535101200
1535446800
1535533200
1535360400
1535274000
1535706000
1535878800
1535792400
1535187600
1536051600
1535965200
1541062800
1535619600
1545382800
1540112400
1496311200
1502013600
1502100000
1502186400
1505124000
1505210400
1505037600
1524391200
1529316000
1535191200
1535104800
1535277600
1535536800
1535364000
1536055200
1535623200
1535450400
1535882400
1541066400
1535796000
1535968800
1535709600
1540116000
1496314800
1502190000
1502017200
1502103600
1505127600
1505214000
1505041200
1524394800
1529319600
1535194800
1535367600
1535454000
1535540400
1535799600
1535108400
1535972400
1535281200
1535626800
1540119600
1535886000
1541070000
1535713200
1536058800
1496318400
1502107200
1502020800
1502193600
1505044800
1505131200
1505217600
1524398400
1529323200
1533902400
1535284800
1535803200
1535716800
1535889600
1535630400
1535976000
1535457600
1535544000
1535371200
1535112000
1535198400
1536062400
1541073600
1496322000
1502197200
1502024400
1502110800
1505048400
1505221200
1505134800
1516194000
1524402000
1529326800
1535288400
1535374800
1535547600
1535461200
1535202000
1535979600
1535893200
1536066000
1535806800
1535634000
1535115600
1535720400
1541077200
1496325600
1502200800
1502114400
1502028000
1505052000
1505138400
1505224800
1524405600
1529330400
1535205600
1535464800
1535637600
1535724000
1535810400
1535983200
1536069600
1535292000
1535119200
1540044000
1535896800
1535551200
1541080800
1535378400
1496329200
1502204400
1502031600
1505055600
1505228400
1502118000
1524409200
1535295600
1535641200
1535468400
1535727600
1535122800
1535382000
1535209200
1535554800
1535986800
1536073200
1535814000
1540047600
1541084400
1535900400
1496332800
1502035200
1505059200
1502121600
1505232000
1535040000
1535212800
1535299200
1535472000
1535644800
1535558400
1535904000
1536076800
1535385600
1535817600
1535731200
1535126400
1535990400
1540051200
1541088000
1502125200
1502038800
1505062800
1535130000
1535562000
1535734800
1535475600
1536080400
1535389200
1535994000
1535648400
1535043600
1535216400
1535302800
1541091600
1540054800
1535821200
1535907600
1495303200
1499882400
1501956000
1502128800
1502042400
1505066400
1535479200
1535392800
1536084000
1535911200
1535220000
1535997600
1535738400
1535133600
1535565600
1535652000
1540058400
1535306400
1535047200
1535824800
1541095200
1491850800
1499886000
1502046000
1505070000
1501959600
1502132400
1535050800
1535223600
1535569200
1535655600
1535742000
1536087600
1535828400
1535137200
1540062000
1535396400
1535482800
1541098800
1535310000
1535914800
1536001200
1494792000
1502136000
1501963200
1499889600
1505160000
1505073600
1502049600
1535227200
1535400000
1535572800
1535745600
1536004800
1536091200
1535659200
1535140800
1535486400
1535918400
1535313600
1535832000
1535054400
1541016000
1541102400
1540065600
1499893200
1501966800
1502053200
1502139600
1505163600
1506027600
1505077200
1535144400
1535490000
1535749200
1535922000
1536094800
1535576400
1535058000
1535835600
1536008400
1535317200
1541019600
1535662800
1535230800
1535403600
1540069200
1501970400
1499896800
1505080800
1505167200
1502143200
1502056800
1535148000
1535320800
1535407200
1535580000
1535925600
1536012000
1535666400
1536098400
1535839200
1535061600
1540072800
1535234400
1541023200
1535493600
1535752800
1502146800
1505084400
1504998000
1505170800
1501974000
1502060400
1524351600
1535151600
1535065200
1535238000
1535324400
1535497200
1535842800
1535756400
1535929200
1536015600
1535583600
1535670000
1536102000
1541026800
1535410800
1540076400
1501977600
1502150400
1505001600
1505174400
1502064000
1524355200
1535241600
1535328000
1535500800
1535760000
1535846400
1535932800
1536105600
1535155200
1536019200
1535414400
1535068800
1535673600
1541030400
1535587200
1540080000
1501981200
1502067600
1505005200
1502154000
1505178000
1511830800
1524358800
1535245200
1535331600
1535504400
1535418000
1535590800
1535763600
1535936400
1535677200
1536022800
1535158800
1535072400
1540083600
1535850000
1541034000
1491876000
1496282400
1501984800
1502157600
1502071200
1505008800
1505181600
1524362400
1535162400
1535335200
1535421600
1535508000
1535853600
1535594400
1536026400
1535680800
1535076000
1535248800
1535767200
1541037600
1535940000
1540087200
1497236400
1496286000
1502074800
1501988400
1505012400
1505185200
1502161200
1524366000
1535079600
1535338800
1535166000
1535857200
1535684400
1535598000
1535511600
1536030000
1535943600
1535770800
1535425200
1540090800
1541041200
1535252400
1496296800
1502085600
1502172000
1501999200
1505023200
1505196000
1524376800
1535176800
1535263200
1535090400
1535954400
1535349600
1536040800
1535868000
1535781600
1535522400
1535608800
1535436000
1535695200
1540101600
1541052000
1487314800
1496300400
1502002800
1502175600
1502089200
1505026800
1505199600
1524380400
1535353200
1535698800
1535871600
1535785200
1535958000
1535094000
1535180400
1535439600
1536044400
1535526000
1535266800
1540105200
1541055600
1535612400
1502352000
1496304000
1502092800
1502179200
1505030400
1505203200
1502006400
1524384000
1535097600
1535184000
1535443200
1535529600
1535702400
1535875200
1535616000
1535788800
1535961600
1536048000
1540108800
1535270400
1535356800
1541059200
1487235600
1496307600
1502010000
1502096400
1502182800
1505034000
1505120400
1505206800
1524387600
1535187600
1535360400
1535533200
1535619600
1535878800
1535706000
1535101200
1535792400
1535965200
1535446800
1535274000
1536051600
1541062800
1544864400
1540112400
1502013600
1502100000
1502186400
1496311200
1505037600
1505124000
1505210400
1524391200
1529316000
1535104800
1535796000
1535882400
1536055200
1535191200
1535536800
1535364000
1535450400
1535277600
1535623200
1540116000
1535709600
1541066400
1535968800
1496314800
1502190000
1504350000
1502103600
1505041200
1505214000
1502017200
1505127600
1524394800
1529319600
1535626800
1535713200
1535108400
1535281200
1535454000
1535972400
1536058800
1535540400
1535886000
1535799600
1540119600
1541070000
1535194800
1535367600
