1496296800
1501999200
1502172000
1502085600
1505196000
1505023200
1524376800
1535176800
1535349600
1535263200
1535781600
1535522400
1536040800
1535954400
1535695200
1535868000
1535436000
1535090400
1535608800
1540101600
1541052000
1496300400
1502002800
1502175600
1502089200
1505199600
1505026800
1524380400
1535266800
1535353200
1535785200
1535698800
1536044400
1535871600
1535526000
1535958000
1535439600
1535180400
1535612400
1535094000
1540105200
1541055600
1496304000
1502092800
1502179200
1505203200
1505030400
1502006400
1524384000
1535097600
1535356800
1535443200
1535616000
1535702400
1535788800
1535875200
1536048000
1535529600
1535961600
1535270400
1535184000
1540108800
1541059200
1496307600
1502010000
1502096400
1502182800
1505034000
1505206800
1505120400
1524387600
1535101200
1535446800
1535533200
1535360400
1535274000
1535706000
1535878800
1535792400
1535187600
1536051600
1535965200
1541062800
1535619600
1545382800
1540112400
1496311200
1502013600
1502100000
1502186400
1505124000
1505210400
1505037600
1524391200
1529316000
1535191200
1535104800
1535277600
1535536800
1535364000
1536055200
1535623200
1535450400
1535882400
1541066400
1535796000
1535968800
1535709600
1540116000
1496314800
1502190000
1502017200
1502103600
1505127600
1505214000
1505041200
1524394800
1529319600
1535194800
1535367600
1535454000
1535540400
1535799600
1535108400
1535972400
1535281200
1535626800
1540119600
1535886000
1541070000
1535713200
1536058800
1496318400
1502107200
1502020800
1502193600
1505044800
1505131200
1505217600
1524398400
1529323200
1533902400
1535284800
1535803200
1535716800
1535889600
1535630400
1535976000
1535457600
1535544000
1535371200
1535112000
1535198400
1536062400
1541073600
