1496296800
1501999200
1502172000
1502085600
1505196000
1505023200
1524376800
1535176800
1535349600
1535263200
1535781600
1535522400
1536040800
1535954400
1535695200
1535868000
1535436000
1535090400
1535608800
1540101600
1541052000
1496300400
1502002800
1502175600
1502089200
1505199600
1505026800
1524380400
1535266800
1535353200
1535785200
1535698800
1536044400
1535871600
1535526000
1535958000
1535439600
1535180400
1535612400
1535094000
1540105200
1541055600
1496304000
1502092800
1502179200
1505203200
1505030400
1502006400
1524384000
1535097600
1535356800
1535443200
1535616000
1535702400
1535788800
1535875200
1536048000
1535529600
1535961600
1535270400
1535184000
1540108800
1541059200
